20
80
1.7
20
80
1.7
20
80
1.7
20
80
1.7
20
80
1.7
20
80
1.7
20
80
1.7
20
80
1.7
20
80
1.7
20
80
1.7
20
80
1.7
20
80
1.7
20
80
1.7
20
80
1.7
20
80
1.7
20
80
1.7
20
80
1.7
20
80
1.7
20
80
1.7
20
80
1.7
20
80
1.7
20
80
1.7
20
80
1.7
20
80
1.7
20
80
1.7
20
80
1.7
20
80
1.7
20
80
1.7
20
80
1.7
20
80
1.7
20
80
1.7
20
80
1.7
20
80
1.7
20
80
1.7
20
80
1.7
20
80
1.7
20
80
1.7
20
80
1.7
20
80
1.7
20
80
1.7
20
80
1.7
20
80
1.7
20
80
1.7
20
80
1.7
20
80
1.7
20
80
1.7
20
80
1.7
20
80
1.7
20
80
1.7
20
80
1.7
20
80
1.7
20
80
1.7
20
80
1.7
20
80
1.7
20
80
1.7
